(kicad_pcb (version 20171130) (host pcbnew "(5.1.5-0-10_14)")

  (general
    (thickness 1.6)
    (drawings 1006)
    (tracks 808)
    (zones 0)
    (modules 31)
    (nets 62)
  )

  (page A4)
  (layers
    (0 F.Cu mixed)
    (31 B.Cu mixed)
    (32 B.Adhes user)
    (33 F.Adhes user)
    (34 B.Paste user)
    (35 F.Paste user)
    (36 B.SilkS user)
    (37 F.SilkS user)
    (38 B.Mask user)
    (39 F.Mask user)
    (40 Dwgs.User user)
    (41 Cmts.User user)
    (42 Eco1.User user)
    (43 Eco2.User user)
    (44 Edge.Cuts user)
    (45 Margin user)
    (46 B.CrtYd user)
    (47 F.CrtYd user)
    (48 B.Fab user)
    (49 F.Fab user)
  )

  (setup
    (last_trace_width 0.1524)
    (user_trace_width 0.2)
    (user_trace_width 0.3)
    (trace_clearance 0.1524)
    (zone_clearance 0.508)
    (zone_45_only no)
    (trace_min 0.1524)
    (via_size 0.508)
    (via_drill 0.254)
    (via_min_size 0.508)
    (via_min_drill 0.254)
    (user_via 1.4 1)
    (uvia_size 0.3)
    (uvia_drill 0.1)
    (uvias_allowed no)
    (uvia_min_size 0.2)
    (uvia_min_drill 0.1)
    (edge_width 0.05)
    (segment_width 0.2)
    (pcb_text_width 0.3)
    (pcb_text_size 1.5 1.5)
    (mod_edge_width 0.12)
    (mod_text_size 1 1)
    (mod_text_width 0.15)
    (pad_size 4.699 4.699)
    (pad_drill 0)
    (pad_to_mask_clearance 0.0508)
    (solder_mask_min_width 0.101)
    (aux_axis_origin 0 0)
    (grid_origin 18.15 17.45)
    (visible_elements FFFFFF7F)
    (pcbplotparams
      (layerselection 0x010fc_ffffffff)
      (usegerberextensions false)
      (usegerberattributes false)
      (usegerberadvancedattributes false)
      (creategerberjobfile false)
      (excludeedgelayer true)
      (linewidth 0.100000)
      (plotframeref false)
      (viasonmask false)
      (mode 1)
      (useauxorigin false)
      (hpglpennumber 1)
      (hpglpenspeed 20)
      (hpglpendiameter 15.000000)
      (psnegative false)
      (psa4output false)
      (plotreference true)
      (plotvalue true)
      (plotinvisibletext false)
      (padsonsilk false)
      (subtractmaskfromsilk false)
      (outputformat 1)
      (mirror false)
      (drillshape 0)
      (scaleselection 1)
      (outputdirectory "GERBERs/"))
  )

  (net 0 "")
  (net 1 GND)
  (net 2 "Net-(C1-Pad2)")
  (net 3 "Net-(C2-Pad2)")
  (net 4 /RESET)
  (net 5 +3V3)
  (net 6 "Net-(C6-Pad1)")
  (net 7 VIN)
  (net 8 /SWO)
  (net 9 /SWCLK)
  (net 10 /SWDIO)
  (net 11 "Net-(LED1-Pad2)")
  (net 12 "Net-(LED2-Pad2)")
  (net 13 /FLASH_CS)
  (net 14 "Net-(R3-Pad2)")
  (net 15 /SCL)
  (net 16 /SDA)
  (net 17 /D13_LED)
  (net 18 /FLASH_IO1)
  (net 19 /FLASH_IO2)
  (net 20 /FLASH_IO0)
  (net 21 /FLASH_SCK)
  (net 22 /FLASH_IO3)
  (net 23 "Net-(U2-Pad4)")
  (net 24 /A0)
  (net 25 /A1)
  (net 26 /A11)
  (net 27 /A10)
  (net 28 /A9)
  (net 29 /A8)
  (net 30 /A7)
  (net 31 /A6)
  (net 32 /A2)
  (net 33 /A3)
  (net 34 /A4)
  (net 35 /A5)
  (net 36 /D17)
  (net 37 /D16)
  (net 38 /D15)
  (net 39 /D14)
  (net 40 /MOSI)
  (net 41 /SCK)
  (net 42 /MISO)
  (net 43 /D2)
  (net 44 /D3)
  (net 45 /D4)
  (net 46 /D5)
  (net 47 /D6)
  (net 48 /D12)
  (net 49 /D7)
  (net 50 /D8)
  (net 51 /D1_TX)
  (net 52 /D0_RX)
  (net 53 /D-)
  (net 54 /D+)
  (net 55 /D11)
  (net 56 /D10)
  (net 57 /D18)
  (net 58 /D9)
  (net 59 /A12)
  (net 60 "Net-(U3-Pad55)")
  (net 61 /AREF)

  (net_class Default "This is the default net class."
    (clearance 0.1524)
    (trace_width 0.1524)
    (via_dia 0.508)
    (via_drill 0.254)
    (uvia_dia 0.3)
    (uvia_drill 0.1)
    (add_net +3V3)
    (add_net /A0)
    (add_net /A1)
    (add_net /A10)
    (add_net /A11)
    (add_net /A12)
    (add_net /A2)
    (add_net /A3)
    (add_net /A4)
    (add_net /A5)
    (add_net /A6)
    (add_net /A7)
    (add_net /A8)
    (add_net /A9)
    (add_net /AREF)
    (add_net /D+)
    (add_net /D-)
    (add_net /D0_RX)
    (add_net /D10)
    (add_net /D11)
    (add_net /D12)
    (add_net /D13_LED)
    (add_net /D14)
    (add_net /D15)
    (add_net /D16)
    (add_net /D17)
    (add_net /D18)
    (add_net /D1_TX)
    (add_net /D2)
    (add_net /D3)
    (add_net /D4)
    (add_net /D5)
    (add_net /D6)
    (add_net /D7)
    (add_net /D8)
    (add_net /D9)
    (add_net /FLASH_CS)
    (add_net /FLASH_IO0)
    (add_net /FLASH_IO1)
    (add_net /FLASH_IO2)
    (add_net /FLASH_IO3)
    (add_net /FLASH_SCK)
    (add_net /MISO)
    (add_net /MOSI)
    (add_net /RESET)
    (add_net /SCK)
    (add_net /SCL)
    (add_net /SDA)
    (add_net /SWCLK)
    (add_net /SWDIO)
    (add_net /SWO)
    (add_net GND)
    (add_net "Net-(C1-Pad2)")
    (add_net "Net-(C2-Pad2)")
    (add_net "Net-(C6-Pad1)")
    (add_net "Net-(LED1-Pad2)")
    (add_net "Net-(LED2-Pad2)")
    (add_net "Net-(R3-Pad2)")
    (add_net "Net-(U2-Pad4)")
    (add_net "Net-(U3-Pad55)")
    (add_net VIN)
  )

  (module Kevin-SON:WSON-8_4x4mm_P0.8mm (layer F.Cu) (tedit 5E0FAEF6) (tstamp 5DFA2DEB)
    (at 22.313 31.188 270)
    (descr http://www.ti.com/lit/ml/mpds406/mpds406.pdf)
    (tags WSON8_4x4mm_P0.8mm)
    (path /5D724AF6)
    (attr smd)
    (fp_text reference U1 (at 0 -3 90) (layer F.SilkS) hide
      (effects (font (size 1 1) (thickness 0.15)))
    )
    (fp_text value S25FL064LABNFI040 (at 0 3 90) (layer F.Fab) hide
      (effects (font (size 1 1) (thickness 0.15)))
    )
    (fp_text user %R (at 0 0 90) (layer F.Fab)
      (effects (font (size 1 1) (thickness 0.15)))
    )
    (fp_line (start -2.3 -2.06) (end 2 -2.06) (layer F.SilkS) (width 0.12))
    (fp_line (start -2 2.06) (end 2 2.06) (layer F.SilkS) (width 0.12))
    (fp_line (start -1.5 -2) (end -2 -1.5) (layer F.Fab) (width 0.1))
    (fp_line (start -1.5 -2) (end 2 -2) (layer F.Fab) (width 0.1))
    (fp_line (start -2 -1.5) (end -2 2) (layer F.Fab) (width 0.1))
    (fp_line (start -2 2) (end 2 2) (layer F.Fab) (width 0.1))
    (fp_line (start 2 -2) (end 2 2) (layer F.Fab) (width 0.1))
    (fp_line (start 2.5 -2.3) (end 2.5 2.3) (layer F.CrtYd) (width 0.05))
    (fp_line (start 2.5 -2.3) (end -2.5 -2.3) (layer F.CrtYd) (width 0.05))
    (fp_line (start -2.5 2.3) (end 2.5 2.3) (layer F.CrtYd) (width 0.05))
    (fp_line (start -2.5 2.3) (end -2.5 -2.3) (layer F.CrtYd) (width 0.05))
    (pad 1 smd rect (at -1.9 -1.2 180) (size 0.3 0.6) (layers F.Cu F.Paste F.Mask)
      (net 13 /FLASH_CS))
    (pad 2 smd rect (at -1.9 -0.4 180) (size 0.3 0.6) (layers F.Cu F.Paste F.Mask)
      (net 18 /FLASH_IO1))
    (pad 3 smd rect (at -1.9 0.4 180) (size 0.3 0.6) (layers F.Cu F.Paste F.Mask)
      (net 19 /FLASH_IO2))
    (pad 4 smd rect (at -1.9 1.2 180) (size 0.3 0.6) (layers F.Cu F.Paste F.Mask)
      (net 1 GND))
    (pad 5 smd rect (at 1.9 1.2 180) (size 0.3 0.6) (layers F.Cu F.Paste F.Mask)
      (net 20 /FLASH_IO0))
    (pad 6 smd rect (at 1.9 0.4 180) (size 0.3 0.6) (layers F.Cu F.Paste F.Mask)
      (net 21 /FLASH_SCK))
    (pad 7 smd rect (at 1.9 -0.4 180) (size 0.3 0.6) (layers F.Cu F.Paste F.Mask)
      (net 22 /FLASH_IO3))
    (pad 8 smd rect (at 1.9 -1.2 180) (size 0.3 0.6) (layers F.Cu F.Paste F.Mask)
      (net 5 +3V3))
    (pad 9 smd rect (at 0 0 270) (size 2.6 3) (layers F.Cu F.Mask))
    (pad "" smd rect (at 0.6 -0.7 270) (size 0.8 1) (layers F.Paste))
    (pad "" smd rect (at -0.6 -0.7 270) (size 0.8 1) (layers F.Paste))
    (pad "" smd rect (at -0.6 0.7 270) (size 0.8 1) (layers F.Paste))
    (pad "" smd rect (at 0.6 0.7 270) (size 0.8 1) (layers F.Paste))
    (model ${KISYS3DMOD}/Package_SON.3dshapes/WSON-8_4x4mm_P0.8mm.wrl
      (at (xyz 0 0 0))
      (scale (xyz 1 1 1))
      (rotate (xyz 0 0 0))
    )
  )

  (module Kevin-QFN:QFN64 (layer F.Cu) (tedit 5E0FAF22) (tstamp 5DD1C461)
    (at 30.33 28.33 270)
    (descr "PLASTIC QUAD FLAT NON-LEADED PACKAGE 64 PINS, 9 × 9 × 0.85 MM³, 0.5 MM PITCH")
    (tags "PLASTIC QUAD FLAT NON-LEADED PACKAGE 64 PINS, 9 × 9 × 0.85 MM³, 0.5 MM PITCH")
    (path /5D6C4AC1)
    (attr smd)
    (fp_text reference U3 (at -5.385 5.385 180) (layer F.SilkS) hide
      (effects (font (size 1 1) (thickness 0.1016)))
    )
    (fp_text value ATSAMD51J19A-MU (at 0 5.715 90) (layer F.SilkS) hide
      (effects (font (size 1.27 1.27) (thickness 0.1016)))
    )
    (fp_line (start -4.39928 -4.39928) (end -4.39928 4.39928) (layer Dwgs.User) (width 0.2032))
    (fp_line (start -4.39928 4.39928) (end 4.39928 4.39928) (layer Dwgs.User) (width 0.2032))
    (fp_line (start 4.39928 4.39928) (end 4.39928 -4.39928) (layer Dwgs.User) (width 0.2032))
    (fp_line (start 4.39928 -4.39928) (end -4.39928 -4.39928) (layer Dwgs.User) (width 0.2032))
    (fp_circle (center -3.74904 -3.74904) (end -3.50012 -3.74904) (layer F.SilkS) (width 0.1))
    (fp_line (start -4.4 -4.4) (end -4 -4.4) (layer F.SilkS) (width 0.2032))
    (fp_line (start -4.4 -4.4) (end -4.4 -4) (layer F.SilkS) (width 0.2032))
    (fp_line (start 4.4 -4.4) (end 4 -4.4) (layer F.SilkS) (width 0.2032))
    (fp_line (start 4.4 -4.4) (end 4.4 -4) (layer F.SilkS) (width 0.2032))
    (fp_line (start 4.4 4) (end 4.4 4.4) (layer F.SilkS) (width 0.2032))
    (fp_line (start 4.4 4.4) (end 4 4.4) (layer F.SilkS) (width 0.2032))
    (fp_line (start -4 4.4) (end -4.4 4.4) (layer F.SilkS) (width 0.2032))
    (fp_line (start -4.4 4.4) (end -4.4 4) (layer F.SilkS) (width 0.2032))
    (pad 1 smd rect (at -4.44754 -3.74904 270) (size 0.6985 0.21844) (layers F.Cu F.Paste F.Mask)
      (net 3 "Net-(C2-Pad2)"))
    (pad 2 smd rect (at -4.44754 -3.24866 270) (size 0.6985 0.21844) (layers F.Cu F.Paste F.Mask)
      (net 2 "Net-(C1-Pad2)"))
    (pad 3 smd rect (at -4.44754 -2.74828 270) (size 0.6985 0.21844) (layers F.Cu F.Paste F.Mask)
      (net 24 /A0))
    (pad 4 smd rect (at -4.44754 -2.2479 270) (size 0.6985 0.21844) (layers F.Cu F.Paste F.Mask)
      (net 61 /AREF))
    (pad 5 smd rect (at -4.44754 -1.74752 270) (size 0.6985 0.21844) (layers F.Cu F.Paste F.Mask)
      (net 25 /A1))
    (pad 6 smd rect (at -4.44754 -1.24968 270) (size 0.6985 0.21844) (layers F.Cu F.Paste F.Mask)
      (net 32 /A2))
    (pad 7 smd rect (at -4.44754 -0.7493 270) (size 0.6985 0.21844) (layers F.Cu F.Paste F.Mask)
      (net 1 GND))
    (pad 8 smd rect (at -4.44754 -0.24892 270) (size 0.6985 0.21844) (layers F.Cu F.Paste F.Mask)
      (net 5 +3V3))
    (pad 9 smd rect (at -4.44754 0.24892 270) (size 0.6985 0.21844) (layers F.Cu F.Paste F.Mask)
      (net 33 /A3))
    (pad 10 smd rect (at -4.44754 0.7493 270) (size 0.6985 0.21844) (layers F.Cu F.Paste F.Mask)
      (net 34 /A4))
    (pad 11 smd rect (at -4.44754 1.24968 270) (size 0.6985 0.21844) (layers F.Cu F.Paste F.Mask)
      (net 35 /A5))
    (pad 12 smd rect (at -4.44754 1.74752 270) (size 0.6985 0.21844) (layers F.Cu F.Paste F.Mask)
      (net 31 /A6))
    (pad 13 smd rect (at -4.44754 2.2479 270) (size 0.6985 0.21844) (layers F.Cu F.Paste F.Mask)
      (net 30 /A7))
    (pad 14 smd rect (at -4.44754 2.74828 270) (size 0.6985 0.21844) (layers F.Cu F.Paste F.Mask)
      (net 29 /A8))
    (pad 15 smd rect (at -4.44754 3.24866 270) (size 0.6985 0.21844) (layers F.Cu F.Paste F.Mask)
      (net 28 /A9))
    (pad 16 smd rect (at -4.44754 3.74904 270) (size 0.6985 0.21844) (layers F.Cu F.Paste F.Mask)
      (net 27 /A10))
    (pad 17 smd rect (at -3.74904 4.44754) (size 0.6985 0.21844) (layers F.Cu F.Paste F.Mask)
      (net 20 /FLASH_IO0))
    (pad 18 smd rect (at -3.24866 4.44754) (size 0.6985 0.21844) (layers F.Cu F.Paste F.Mask)
      (net 18 /FLASH_IO1))
    (pad 19 smd rect (at -2.74828 4.44754) (size 0.6985 0.21844) (layers F.Cu F.Paste F.Mask)
      (net 19 /FLASH_IO2))
    (pad 20 smd rect (at -2.2479 4.44754) (size 0.6985 0.21844) (layers F.Cu F.Paste F.Mask)
      (net 22 /FLASH_IO3))
    (pad 21 smd rect (at -1.74752 4.44754) (size 0.6985 0.21844) (layers F.Cu F.Paste F.Mask)
      (net 5 +3V3))
    (pad 22 smd rect (at -1.24968 4.44754) (size 0.6985 0.21844) (layers F.Cu F.Paste F.Mask)
      (net 1 GND))
    (pad 23 smd rect (at -0.7493 4.44754) (size 0.6985 0.21844) (layers F.Cu F.Paste F.Mask)
      (net 21 /FLASH_SCK))
    (pad 24 smd rect (at -0.24892 4.44754) (size 0.6985 0.21844) (layers F.Cu F.Paste F.Mask)
      (net 13 /FLASH_CS))
    (pad 25 smd rect (at 0.24892 4.44754) (size 0.6985 0.21844) (layers F.Cu F.Paste F.Mask)
      (net 39 /D14))
    (pad 26 smd rect (at 0.7493 4.44754) (size 0.6985 0.21844) (layers F.Cu F.Paste F.Mask)
      (net 17 /D13_LED))
    (pad 27 smd rect (at 1.24968 4.44754) (size 0.6985 0.21844) (layers F.Cu F.Paste F.Mask)
      (net 48 /D12))
    (pad 28 smd rect (at 1.74752 4.44754) (size 0.6985 0.21844) (layers F.Cu F.Paste F.Mask)
      (net 55 /D11))
    (pad 29 smd rect (at 2.2479 4.44754) (size 0.6985 0.21844) (layers F.Cu F.Paste F.Mask)
      (net 40 /MOSI))
    (pad 30 smd rect (at 2.74828 4.44754) (size 0.6985 0.21844) (layers F.Cu F.Paste F.Mask)
      (net 41 /SCK))
    (pad 31 smd rect (at 3.24866 4.44754) (size 0.6985 0.21844) (layers F.Cu F.Paste F.Mask)
      (net 42 /MISO))
    (pad 32 smd rect (at 3.74904 4.44754) (size 0.6985 0.21844) (layers F.Cu F.Paste F.Mask)
      (net 56 /D10))
    (pad 33 smd rect (at 4.44754 3.74904 90) (size 0.6985 0.21844) (layers F.Cu F.Paste F.Mask)
      (net 1 GND))
    (pad 34 smd rect (at 4.44754 3.24866 90) (size 0.6985 0.21844) (layers F.Cu F.Paste F.Mask)
      (net 5 +3V3))
    (pad 35 smd rect (at 4.44754 2.74828 90) (size 0.6985 0.21844) (layers F.Cu F.Paste F.Mask)
      (net 58 /D9))
    (pad 36 smd rect (at 4.44754 2.2479 90) (size 0.6985 0.21844) (layers F.Cu F.Paste F.Mask)
      (net 50 /D8))
    (pad 37 smd rect (at 4.44754 1.74752 90) (size 0.6985 0.21844) (layers F.Cu F.Paste F.Mask)
      (net 49 /D7))
    (pad 38 smd rect (at 4.44754 1.24968 90) (size 0.6985 0.21844) (layers F.Cu F.Paste F.Mask)
      (net 47 /D6))
    (pad 39 smd rect (at 4.44754 0.7493 90) (size 0.6985 0.21844) (layers F.Cu F.Paste F.Mask)
      (net 46 /D5))
    (pad 40 smd rect (at 4.44754 0.24892 90) (size 0.6985 0.21844) (layers F.Cu F.Paste F.Mask)
      (net 45 /D4))
    (pad 41 smd rect (at 4.44754 -0.24892 90) (size 0.6985 0.21844) (layers F.Cu F.Paste F.Mask)
      (net 44 /D3))
    (pad 42 smd rect (at 4.44754 -0.7493 90) (size 0.6985 0.21844) (layers F.Cu F.Paste F.Mask)
      (net 43 /D2))
    (pad 43 smd rect (at 4.44754 -1.24968 90) (size 0.6985 0.21844) (layers F.Cu F.Paste F.Mask)
      (net 51 /D1_TX))
    (pad 44 smd rect (at 4.44754 -1.74752 90) (size 0.6985 0.21844) (layers F.Cu F.Paste F.Mask)
      (net 52 /D0_RX))
    (pad 45 smd rect (at 4.44754 -2.2479 90) (size 0.6985 0.21844) (layers F.Cu F.Paste F.Mask)
      (net 53 /D-))
    (pad 46 smd rect (at 4.44754 -2.74828 90) (size 0.6985 0.21844) (layers F.Cu F.Paste F.Mask)
      (net 54 /D+))
    (pad 47 smd rect (at 4.44754 -3.24866 90) (size 0.6985 0.21844) (layers F.Cu F.Paste F.Mask)
      (net 1 GND))
    (pad 48 smd rect (at 4.44754 -3.74904 90) (size 0.6985 0.21844) (layers F.Cu F.Paste F.Mask)
      (net 5 +3V3))
    (pad 49 smd rect (at 3.74904 -4.44754 180) (size 0.6985 0.21844) (layers F.Cu F.Paste F.Mask)
      (net 57 /D18))
    (pad 50 smd rect (at 3.24866 -4.44754 180) (size 0.6985 0.21844) (layers F.Cu F.Paste F.Mask)
      (net 36 /D17))
    (pad 51 smd rect (at 2.74828 -4.44754 180) (size 0.6985 0.21844) (layers F.Cu F.Paste F.Mask)
      (net 37 /D16))
    (pad 52 smd rect (at 2.2479 -4.44754 180) (size 0.6985 0.21844) (layers F.Cu F.Paste F.Mask)
      (net 4 /RESET))
    (pad 53 smd rect (at 1.74752 -4.44754 180) (size 0.6985 0.21844) (layers F.Cu F.Paste F.Mask)
      (net 6 "Net-(C6-Pad1)"))
    (pad 54 smd rect (at 1.24968 -4.44754 180) (size 0.6985 0.21844) (layers F.Cu F.Paste F.Mask)
      (net 1 GND))
    (pad 55 smd rect (at 0.7493 -4.44754 180) (size 0.6985 0.21844) (layers F.Cu F.Paste F.Mask)
      (net 60 "Net-(U3-Pad55)"))
    (pad 56 smd rect (at 0.24892 -4.44754 180) (size 0.6985 0.21844) (layers F.Cu F.Paste F.Mask)
      (net 5 +3V3))
    (pad 57 smd rect (at -0.24892 -4.44754 180) (size 0.6985 0.21844) (layers F.Cu F.Paste F.Mask)
      (net 9 /SWCLK))
    (pad 58 smd rect (at -0.7493 -4.44754 180) (size 0.6985 0.21844) (layers F.Cu F.Paste F.Mask)
      (net 10 /SWDIO))
    (pad 59 smd rect (at -1.24968 -4.44754 180) (size 0.6985 0.21844) (layers F.Cu F.Paste F.Mask)
      (net 8 /SWO))
    (pad 60 smd rect (at -1.74752 -4.44754 180) (size 0.6985 0.21844) (layers F.Cu F.Paste F.Mask)
      (net 38 /D15))
    (pad 61 smd rect (at -2.2479 -4.44754 180) (size 0.6985 0.21844) (layers F.Cu F.Paste F.Mask)
      (net 26 /A11))
    (pad 62 smd rect (at -2.74828 -4.44754 180) (size 0.6985 0.21844) (layers F.Cu F.Paste F.Mask)
      (net 59 /A12))
    (pad 63 smd rect (at -3.24866 -4.44754 180) (size 0.6985 0.21844) (layers F.Cu F.Paste F.Mask)
      (net 16 /SDA))
    (pad 64 smd rect (at -3.74904 -4.44754 180) (size 0.6985 0.21844) (layers F.Cu F.Paste F.Mask)
      (net 15 /SCL))
    (pad 65 smd rect (at 0 0 270) (size 4.699 4.699) (layers F.Cu F.Mask)
      (net 1 GND))
    (pad "" smd rect (at 1.15 -1.15 270) (size 1.5 1.5) (layers F.Paste))
    (pad "" smd rect (at -1.15 -1.15 270) (size 1.5 1.5) (layers F.Paste))
    (pad "" smd rect (at -1.15 1.15 270) (size 1.5 1.5) (layers F.Paste))
    (pad "" smd rect (at 1.15 1.15 270) (size 1.5 1.5) (layers F.Paste))
  )

  (module Capacitor_SMD:C_0603_1608Metric (layer F.Cu) (tedit 5B301BBE) (tstamp 5DD1A997)
    (at 32.092 19.5035)
    (descr "Capacitor SMD 0603 (1608 Metric), square (rectangular) end terminal, IPC_7351 nominal, (Body size source: http://www.tortai-tech.com/upload/download/2011102023233369053.pdf), generated with kicad-footprint-generator")
    (tags capacitor)
    (path /5D6D2FC2)
    (attr smd)
    (fp_text reference C1 (at 0 -1.43) (layer F.SilkS) hide
      (effects (font (size 1 1) (thickness 0.15)))
    )
    (fp_text value 13pF (at 0 1.43) (layer F.Fab) hide
      (effects (font (size 1 1) (thickness 0.15)))
    )
    (fp_text user %R (at 0 0) (layer F.Fab)
      (effects (font (size 0.4 0.4) (thickness 0.06)))
    )
    (fp_line (start 1.48 0.73) (end -1.48 0.73) (layer F.CrtYd) (width 0.05))
    (fp_line (start 1.48 -0.73) (end 1.48 0.73) (layer F.CrtYd) (width 0.05))
    (fp_line (start -1.48 -0.73) (end 1.48 -0.73) (layer F.CrtYd) (width 0.05))
    (fp_line (start -1.48 0.73) (end -1.48 -0.73) (layer F.CrtYd) (width 0.05))
    (fp_line (start -0.162779 0.51) (end 0.162779 0.51) (layer F.SilkS) (width 0.12))
    (fp_line (start -0.162779 -0.51) (end 0.162779 -0.51) (layer F.SilkS) (width 0.12))
    (fp_line (start 0.8 0.4) (end -0.8 0.4) (layer F.Fab) (width 0.1))
    (fp_line (start 0.8 -0.4) (end 0.8 0.4) (layer F.Fab) (width 0.1))
    (fp_line (start -0.8 -0.4) (end 0.8 -0.4) (layer F.Fab) (width 0.1))
    (fp_line (start -0.8 0.4) (end -0.8 -0.4) (layer F.Fab) (width 0.1))
    (pad 2 smd roundrect (at 0.7875 0) (size 0.875 0.95) (layers F.Cu F.Paste F.Mask) (roundrect_rratio 0.25)
      (net 2 "Net-(C1-Pad2)"))
    (pad 1 smd roundrect (at -0.7875 0) (size 0.875 0.95) (layers F.Cu F.Paste F.Mask) (roundrect_rratio 0.25)
      (net 1 GND))
    (model ${KISYS3DMOD}/Capacitor_SMD.3dshapes/C_0603_1608Metric.wrl
      (at (xyz 0 0 0))
      (scale (xyz 1 1 1))
      (rotate (xyz 0 0 0))
    )
  )

  (module Capacitor_SMD:C_0603_1608Metric (layer F.Cu) (tedit 5B301BBE) (tstamp 5DD1E284)
    (at 35.267 19.5035 180)
    (descr "Capacitor SMD 0603 (1608 Metric), square (rectangular) end terminal, IPC_7351 nominal, (Body size source: http://www.tortai-tech.com/upload/download/2011102023233369053.pdf), generated with kicad-footprint-generator")
    (tags capacitor)
    (path /5D6D38E7)
    (attr smd)
    (fp_text reference C2 (at 0 -1.43) (layer F.SilkS) hide
      (effects (font (size 1 1) (thickness 0.15)))
    )
    (fp_text value 13pF (at 0 1.43) (layer F.Fab) hide
      (effects (font (size 1 1) (thickness 0.15)))
    )
    (fp_line (start -0.8 0.4) (end -0.8 -0.4) (layer F.Fab) (width 0.1))
    (fp_line (start -0.8 -0.4) (end 0.8 -0.4) (layer F.Fab) (width 0.1))
    (fp_line (start 0.8 -0.4) (end 0.8 0.4) (layer F.Fab) (width 0.1))
    (fp_line (start 0.8 0.4) (end -0.8 0.4) (layer F.Fab) (width 0.1))
    (fp_line (start -0.162779 -0.51) (end 0.162779 -0.51) (layer F.SilkS) (width 0.12))
    (fp_line (start -0.162779 0.51) (end 0.162779 0.51) (layer F.SilkS) (width 0.12))
    (fp_line (start -1.48 0.73) (end -1.48 -0.73) (layer F.CrtYd) (width 0.05))
    (fp_line (start -1.48 -0.73) (end 1.48 -0.73) (layer F.CrtYd) (width 0.05))
    (fp_line (start 1.48 -0.73) (end 1.48 0.73) (layer F.CrtYd) (width 0.05))
    (fp_line (start 1.48 0.73) (end -1.48 0.73) (layer F.CrtYd) (width 0.05))
    (fp_text user %R (at 0 0) (layer F.Fab)
      (effects (font (size 0.4 0.4) (thickness 0.06)))
    )
    (pad 1 smd roundrect (at -0.7875 0 180) (size 0.875 0.95) (layers F.Cu F.Paste F.Mask) (roundrect_rratio 0.25)
      (net 1 GND))
    (pad 2 smd roundrect (at 0.7875 0 180) (size 0.875 0.95) (layers F.Cu F.Paste F.Mask) (roundrect_rratio 0.25)
      (net 3 "Net-(C2-Pad2)"))
    (model ${KISYS3DMOD}/Capacitor_SMD.3dshapes/C_0603_1608Metric.wrl
      (at (xyz 0 0 0))
      (scale (xyz 1 1 1))
      (rotate (xyz 0 0 0))
    )
  )

  (module Capacitor_SMD:C_0603_1608Metric (layer F.Cu) (tedit 5B301BBE) (tstamp 5DD1A9B9)
    (at 37.156 36.458 180)
    (descr "Capacitor SMD 0603 (1608 Metric), square (rectangular) end terminal, IPC_7351 nominal, (Body size source: http://www.tortai-tech.com/upload/download/2011102023233369053.pdf), generated with kicad-footprint-generator")
    (tags capacitor)
    (path /5D6D8EB0)
    (attr smd)
    (fp_text reference C3 (at 0 -1.43) (layer F.SilkS) hide
      (effects (font (size 1 1) (thickness 0.15)))
    )
    (fp_text value 0.1uF (at 0 1.43) (layer F.Fab) hide
      (effects (font (size 1 1) (thickness 0.15)))
    )
    (fp_text user %R (at 0 0) (layer F.Fab)
      (effects (font (size 0.4 0.4) (thickness 0.06)))
    )
    (fp_line (start 1.48 0.73) (end -1.48 0.73) (layer F.CrtYd) (width 0.05))
    (fp_line (start 1.48 -0.73) (end 1.48 0.73) (layer F.CrtYd) (width 0.05))
    (fp_line (start -1.48 -0.73) (end 1.48 -0.73) (layer F.CrtYd) (width 0.05))
    (fp_line (start -1.48 0.73) (end -1.48 -0.73) (layer F.CrtYd) (width 0.05))
    (fp_line (start -0.162779 0.51) (end 0.162779 0.51) (layer F.SilkS) (width 0.12))
    (fp_line (start -0.162779 -0.51) (end 0.162779 -0.51) (layer F.SilkS) (width 0.12))
    (fp_line (start 0.8 0.4) (end -0.8 0.4) (layer F.Fab) (width 0.1))
    (fp_line (start 0.8 -0.4) (end 0.8 0.4) (layer F.Fab) (width 0.1))
    (fp_line (start -0.8 -0.4) (end 0.8 -0.4) (layer F.Fab) (width 0.1))
    (fp_line (start -0.8 0.4) (end -0.8 -0.4) (layer F.Fab) (width 0.1))
    (pad 2 smd roundrect (at 0.7875 0 180) (size 0.875 0.95) (layers F.Cu F.Paste F.Mask) (roundrect_rratio 0.25)
      (net 1 GND))
    (pad 1 smd roundrect (at -0.7875 0 180) (size 0.875 0.95) (layers F.Cu F.Paste F.Mask) (roundrect_rratio 0.25)
      (net 4 /RESET))
    (model ${KISYS3DMOD}/Capacitor_SMD.3dshapes/C_0603_1608Metric.wrl
      (at (xyz 0 0 0))
      (scale (xyz 1 1 1))
      (rotate (xyz 0 0 0))
    )
  )

  (module Capacitor_SMD:C_0603_1608Metric (layer F.Cu) (tedit 5B301BBE) (tstamp 5DD1A9CA)
    (at 20.408 37.766 270)
    (descr "Capacitor SMD 0603 (1608 Metric), square (rectangular) end terminal, IPC_7351 nominal, (Body size source: http://www.tortai-tech.com/upload/download/2011102023233369053.pdf), generated with kicad-footprint-generator")
    (tags capacitor)
    (path /5D765069)
    (attr smd)
    (fp_text reference C4 (at 0 -1.43 90) (layer F.SilkS) hide
      (effects (font (size 1 1) (thickness 0.15)))
    )
    (fp_text value 1uF (at 0 1.43 90) (layer F.Fab) hide
      (effects (font (size 1 1) (thickness 0.15)))
    )
    (fp_line (start -0.8 0.4) (end -0.8 -0.4) (layer F.Fab) (width 0.1))
    (fp_line (start -0.8 -0.4) (end 0.8 -0.4) (layer F.Fab) (width 0.1))
    (fp_line (start 0.8 -0.4) (end 0.8 0.4) (layer F.Fab) (width 0.1))
    (fp_line (start 0.8 0.4) (end -0.8 0.4) (layer F.Fab) (width 0.1))
    (fp_line (start -0.162779 -0.51) (end 0.162779 -0.51) (layer F.SilkS) (width 0.12))
    (fp_line (start -0.162779 0.51) (end 0.162779 0.51) (layer F.SilkS) (width 0.12))
    (fp_line (start -1.48 0.73) (end -1.48 -0.73) (layer F.CrtYd) (width 0.05))
    (fp_line (start -1.48 -0.73) (end 1.48 -0.73) (layer F.CrtYd) (width 0.05))
    (fp_line (start 1.48 -0.73) (end 1.48 0.73) (layer F.CrtYd) (width 0.05))
    (fp_line (start 1.48 0.73) (end -1.48 0.73) (layer F.CrtYd) (width 0.05))
    (fp_text user %R (at 0 0 90) (layer F.Fab)
      (effects (font (size 0.4 0.4) (thickness 0.06)))
    )
    (pad 1 smd roundrect (at -0.7875 0 270) (size 0.875 0.95) (layers F.Cu F.Paste F.Mask) (roundrect_rratio 0.25)
      (net 7 VIN))
    (pad 2 smd roundrect (at 0.7875 0 270) (size 0.875 0.95) (layers F.Cu F.Paste F.Mask) (roundrect_rratio 0.25)
      (net 1 GND))
    (model ${KISYS3DMOD}/Capacitor_SMD.3dshapes/C_0603_1608Metric.wrl
      (at (xyz 0 0 0))
      (scale (xyz 1 1 1))
      (rotate (xyz 0 0 0))
    )
  )

  (module Capacitor_SMD:C_0603_1608Metric (layer F.Cu) (tedit 5B301BBE) (tstamp 5DF9B555)
    (at 23.075 34.744 180)
    (descr "Capacitor SMD 0603 (1608 Metric), square (rectangular) end terminal, IPC_7351 nominal, (Body size source: http://www.tortai-tech.com/upload/download/2011102023233369053.pdf), generated with kicad-footprint-generator")
    (tags capacitor)
    (path /5DDC5825)
    (attr smd)
    (fp_text reference C5 (at 0 -1.43) (layer F.SilkS) hide
      (effects (font (size 1 1) (thickness 0.15)))
    )
    (fp_text value 0.1uF (at 0 1.43) (layer F.Fab) hide
      (effects (font (size 1 1) (thickness 0.15)))
    )
    (fp_line (start -0.8 0.4) (end -0.8 -0.4) (layer F.Fab) (width 0.1))
    (fp_line (start -0.8 -0.4) (end 0.8 -0.4) (layer F.Fab) (width 0.1))
    (fp_line (start 0.8 -0.4) (end 0.8 0.4) (layer F.Fab) (width 0.1))
    (fp_line (start 0.8 0.4) (end -0.8 0.4) (layer F.Fab) (width 0.1))
    (fp_line (start -0.162779 -0.51) (end 0.162779 -0.51) (layer F.SilkS) (width 0.12))
    (fp_line (start -0.162779 0.51) (end 0.162779 0.51) (layer F.SilkS) (width 0.12))
    (fp_line (start -1.48 0.73) (end -1.48 -0.73) (layer F.CrtYd) (width 0.05))
    (fp_line (start -1.48 -0.73) (end 1.48 -0.73) (layer F.CrtYd) (width 0.05))
    (fp_line (start 1.48 -0.73) (end 1.48 0.73) (layer F.CrtYd) (width 0.05))
    (fp_line (start 1.48 0.73) (end -1.48 0.73) (layer F.CrtYd) (width 0.05))
    (fp_text user %R (at 0 0) (layer F.Fab)
      (effects (font (size 0.4 0.4) (thickness 0.06)))
    )
    (pad 1 smd roundrect (at -0.7875 0 180) (size 0.875 0.95) (layers F.Cu F.Paste F.Mask) (roundrect_rratio 0.25)
      (net 5 +3V3))
    (pad 2 smd roundrect (at 0.7875 0 180) (size 0.875 0.95) (layers F.Cu F.Paste F.Mask) (roundrect_rratio 0.25)
      (net 1 GND))
    (model ${KISYS3DMOD}/Capacitor_SMD.3dshapes/C_0603_1608Metric.wrl
      (at (xyz 0 0 0))
      (scale (xyz 1 1 1))
      (rotate (xyz 0 0 0))
    )
  )

  (module Capacitor_SMD:C_0603_1608Metric (layer F.Cu) (tedit 5B301BBE) (tstamp 5DD1A9EC)
    (at 37.188 32.902)
    (descr "Capacitor SMD 0603 (1608 Metric), square (rectangular) end terminal, IPC_7351 nominal, (Body size source: http://www.tortai-tech.com/upload/download/2011102023233369053.pdf), generated with kicad-footprint-generator")
    (tags capacitor)
    (path /5D6F48D5)
    (attr smd)
    (fp_text reference C6 (at 0 -1.43) (layer F.SilkS) hide
      (effects (font (size 1 1) (thickness 0.15)))
    )
    (fp_text value 0.1uF (at 0 1.43) (layer F.Fab) hide
      (effects (font (size 1 1) (thickness 0.15)))
    )
    (fp_text user %R (at 0 0) (layer F.Fab)
      (effects (font (size 0.4 0.4) (thickness 0.06)))
    )
    (fp_line (start 1.48 0.73) (end -1.48 0.73) (layer F.CrtYd) (width 0.05))
    (fp_line (start 1.48 -0.73) (end 1.48 0.73) (layer F.CrtYd) (width 0.05))
    (fp_line (start -1.48 -0.73) (end 1.48 -0.73) (layer F.CrtYd) (width 0.05))
    (fp_line (start -1.48 0.73) (end -1.48 -0.73) (layer F.CrtYd) (width 0.05))
    (fp_line (start -0.162779 0.51) (end 0.162779 0.51) (layer F.SilkS) (width 0.12))
    (fp_line (start -0.162779 -0.51) (end 0.162779 -0.51) (layer F.SilkS) (width 0.12))
    (fp_line (start 0.8 0.4) (end -0.8 0.4) (layer F.Fab) (width 0.1))
    (fp_line (start 0.8 -0.4) (end 0.8 0.4) (layer F.Fab) (width 0.1))
    (fp_line (start -0.8 -0.4) (end 0.8 -0.4) (layer F.Fab) (width 0.1))
    (fp_line (start -0.8 0.4) (end -0.8 -0.4) (layer F.Fab) (width 0.1))
    (pad 2 smd roundrect (at 0.7875 0) (size 0.875 0.95) (layers F.Cu F.Paste F.Mask) (roundrect_rratio 0.25)
      (net 1 GND))
    (pad 1 smd roundrect (at -0.7875 0) (size 0.875 0.95) (layers F.Cu F.Paste F.Mask) (roundrect_rratio 0.25)
      (net 6 "Net-(C6-Pad1)"))
    (model ${KISYS3DMOD}/Capacitor_SMD.3dshapes/C_0603_1608Metric.wrl
      (at (xyz 0 0 0))
      (scale (xyz 1 1 1))
      (rotate (xyz 0 0 0))
    )
  )

  (module Capacitor_SMD:C_0603_1608Metric (layer F.Cu) (tedit 5B301BBE) (tstamp 5DF9B770)
    (at 25.996 37.817 270)
    (descr "Capacitor SMD 0603 (1608 Metric), square (rectangular) end terminal, IPC_7351 nominal, (Body size source: http://www.tortai-tech.com/upload/download/2011102023233369053.pdf), generated with kicad-footprint-generator")
    (tags capacitor)
    (path /5D73E944)
    (attr smd)
    (fp_text reference C7 (at 0 -1.43 90) (layer F.SilkS) hide
      (effects (font (size 1 1) (thickness 0.15)))
    )
    (fp_text value 1uF (at 0 1.43 90) (layer F.Fab) hide
      (effects (font (size 1 1) (thickness 0.15)))
    )
    (fp_text user %R (at 0 0 90) (layer F.Fab)
      (effects (font (size 0.4 0.4) (thickness 0.06)))
    )
    (fp_line (start 1.48 0.73) (end -1.48 0.73) (layer F.CrtYd) (width 0.05))
    (fp_line (start 1.48 -0.73) (end 1.48 0.73) (layer F.CrtYd) (width 0.05))
    (fp_line (start -1.48 -0.73) (end 1.48 -0.73) (layer F.CrtYd) (width 0.05))
    (fp_line (start -1.48 0.73) (end -1.48 -0.73) (layer F.CrtYd) (width 0.05))
    (fp_line (start -0.162779 0.51) (end 0.162779 0.51) (layer F.SilkS) (width 0.12))
    (fp_line (start -0.162779 -0.51) (end 0.162779 -0.51) (layer F.SilkS) (width 0.12))
    (fp_line (start 0.8 0.4) (end -0.8 0.4) (layer F.Fab) (width 0.1))
    (fp_line (start 0.8 -0.4) (end 0.8 0.4) (layer F.Fab) (width 0.1))
    (fp_line (start -0.8 -0.4) (end 0.8 -0.4) (layer F.Fab) (width 0.1))
    (fp_line (start -0.8 0.4) (end -0.8 -0.4) (layer F.Fab) (width 0.1))
    (pad 2 smd roundrect (at 0.7875 0 270) (size 0.875 0.95) (layers F.Cu F.Paste F.Mask) (roundrect_rratio 0.25)
      (net 1 GND))
    (pad 1 smd roundrect (at -0.7875 0 270) (size 0.875 0.95) (layers F.Cu F.Paste F.Mask) (roundrect_rratio 0.25)
      (net 5 +3V3))
    (model ${KISYS3DMOD}/Capacitor_SMD.3dshapes/C_0603_1608Metric.wrl
      (at (xyz 0 0 0))
      (scale (xyz 1 1 1))
      (rotate (xyz 0 0 0))
    )
  )

  (module Capacitor_SMD:C_0603_1608Metric (layer F.Cu) (tedit 5B301BBE) (tstamp 5E01A702)
    (at 37.188 31.251)
    (descr "Capacitor SMD 0603 (1608 Metric), square (rectangular) end terminal, IPC_7351 nominal, (Body size source: http://www.tortai-tech.com/upload/download/2011102023233369053.pdf), generated with kicad-footprint-generator")
    (tags capacitor)
    (path /5D6F4382)
    (attr smd)
    (fp_text reference C8 (at 0 -1.43) (layer F.SilkS) hide
      (effects (font (size 1 1) (thickness 0.15)))
    )
    (fp_text value 1uF (at 0 1.43) (layer F.Fab) hide
      (effects (font (size 1 1) (thickness 0.15)))
    )
    (fp_line (start -0.8 0.4) (end -0.8 -0.4) (layer F.Fab) (width 0.1))
    (fp_line (start -0.8 -0.4) (end 0.8 -0.4) (layer F.Fab) (width 0.1))
    (fp_line (start 0.8 -0.4) (end 0.8 0.4) (layer F.Fab) (width 0.1))
    (fp_line (start 0.8 0.4) (end -0.8 0.4) (layer F.Fab) (width 0.1))
    (fp_line (start -0.162779 -0.51) (end 0.162779 -0.51) (layer F.SilkS) (width 0.12))
    (fp_line (start -0.162779 0.51) (end 0.162779 0.51) (layer F.SilkS) (width 0.12))
    (fp_line (start -1.48 0.73) (end -1.48 -0.73) (layer F.CrtYd) (width 0.05))
    (fp_line (start -1.48 -0.73) (end 1.48 -0.73) (layer F.CrtYd) (width 0.05))
    (fp_line (start 1.48 -0.73) (end 1.48 0.73) (layer F.CrtYd) (width 0.05))
    (fp_line (start 1.48 0.73) (end -1.48 0.73) (layer F.CrtYd) (width 0.05))
    (fp_text user %R (at 0 0) (layer F.Fab)
      (effects (font (size 0.4 0.4) (thickness 0.06)))
    )
    (pad 1 smd roundrect (at -0.7875 0) (size 0.875 0.95) (layers F.Cu F.Paste F.Mask) (roundrect_rratio 0.25)
      (net 6 "Net-(C6-Pad1)"))
    (pad 2 smd roundrect (at 0.7875 0) (size 0.875 0.95) (layers F.Cu F.Paste F.Mask) (roundrect_rratio 0.25)
      (net 1 GND))
    (model ${KISYS3DMOD}/Capacitor_SMD.3dshapes/C_0603_1608Metric.wrl
      (at (xyz 0 0 0))
      (scale (xyz 1 1 1))
      (rotate (xyz 0 0 0))
    )
  )

  (module Capacitor_SMD:C_0603_1608Metric (layer F.Cu) (tedit 5B301BBE) (tstamp 5DD1AA1F)
    (at 37.188 29.473)
    (descr "Capacitor SMD 0603 (1608 Metric), square (rectangular) end terminal, IPC_7351 nominal, (Body size source: http://www.tortai-tech.com/upload/download/2011102023233369053.pdf), generated with kicad-footprint-generator")
    (tags capacitor)
    (path /5D6F370C)
    (attr smd)
    (fp_text reference C9 (at 0 -1.43) (layer F.SilkS) hide
      (effects (font (size 1 1) (thickness 0.15)))
    )
    (fp_text value 10uF (at 0 1.43) (layer F.Fab) hide
      (effects (font (size 1 1) (thickness 0.15)))
    )
    (fp_text user %R (at 0 0) (layer F.Fab)
      (effects (font (size 0.4 0.4) (thickness 0.06)))
    )
    (fp_line (start 1.48 0.73) (end -1.48 0.73) (layer F.CrtYd) (width 0.05))
    (fp_line (start 1.48 -0.73) (end 1.48 0.73) (layer F.CrtYd) (width 0.05))
    (fp_line (start -1.48 -0.73) (end 1.48 -0.73) (layer F.CrtYd) (width 0.05))
    (fp_line (start -1.48 0.73) (end -1.48 -0.73) (layer F.CrtYd) (width 0.05))
    (fp_line (start -0.162779 0.51) (end 0.162779 0.51) (layer F.SilkS) (width 0.12))
    (fp_line (start -0.162779 -0.51) (end 0.162779 -0.51) (layer F.SilkS) (width 0.12))
    (fp_line (start 0.8 0.4) (end -0.8 0.4) (layer F.Fab) (width 0.1))
    (fp_line (start 0.8 -0.4) (end 0.8 0.4) (layer F.Fab) (width 0.1))
    (fp_line (start -0.8 -0.4) (end 0.8 -0.4) (layer F.Fab) (width 0.1))
    (fp_line (start -0.8 0.4) (end -0.8 -0.4) (layer F.Fab) (width 0.1))
    (pad 2 smd roundrect (at 0.7875 0) (size 0.875 0.95) (layers F.Cu F.Paste F.Mask) (roundrect_rratio 0.25)
      (net 1 GND))
    (pad 1 smd roundrect (at -0.7875 0) (size 0.875 0.95) (layers F.Cu F.Paste F.Mask) (roundrect_rratio 0.25)
      (net 6 "Net-(C6-Pad1)"))
    (model ${KISYS3DMOD}/Capacitor_SMD.3dshapes/C_0603_1608Metric.wrl
      (at (xyz 0 0 0))
      (scale (xyz 1 1 1))
      (rotate (xyz 0 0 0))
    )
  )

  (module Capacitor_SMD:C_0603_1608Metric (layer F.Cu) (tedit 5B301BBE) (tstamp 5DD1AA30)
    (at 29.1455 22.1705 180)
    (descr "Capacitor SMD 0603 (1608 Metric), square (rectangular) end terminal, IPC_7351 nominal, (Body size source: http://www.tortai-tech.com/upload/download/2011102023233369053.pdf), generated with kicad-footprint-generator")
    (tags capacitor)
    (path /5D6ED2A5)
    (attr smd)
    (fp_text reference C10 (at 0 -1.43) (layer F.SilkS) hide
      (effects (font (size 1 1) (thickness 0.15)))
    )
    (fp_text value 0.1uF (at 0 1.43) (layer F.Fab) hide
      (effects (font (size 1 1) (thickness 0.15)))
    )
    (fp_line (start -0.8 0.4) (end -0.8 -0.4) (layer F.Fab) (width 0.1))
    (fp_line (start -0.8 -0.4) (end 0.8 -0.4) (layer F.Fab) (width 0.1))
    (fp_line (start 0.8 -0.4) (end 0.8 0.4) (layer F.Fab) (width 0.1))
    (fp_line (start 0.8 0.4) (end -0.8 0.4) (layer F.Fab) (width 0.1))
    (fp_line (start -0.162779 -0.51) (end 0.162779 -0.51) (layer F.SilkS) (width 0.12))
    (fp_line (start -0.162779 0.51) (end 0.162779 0.51) (layer F.SilkS) (width 0.12))
    (fp_line (start -1.48 0.73) (end -1.48 -0.73) (layer F.CrtYd) (width 0.05))
    (fp_line (start -1.48 -0.73) (end 1.48 -0.73) (layer F.CrtYd) (width 0.05))
    (fp_line (start 1.48 -0.73) (end 1.48 0.73) (layer F.CrtYd) (width 0.05))
    (fp_line (start 1.48 0.73) (end -1.48 0.73) (layer F.CrtYd) (width 0.05))
    (fp_text user %R (at 0 0) (layer F.Fab)
      (effects (font (size 0.4 0.4) (thickness 0.06)))
    )
    (pad 1 smd roundrect (at -0.7875 0 180) (size 0.875 0.95) (layers F.Cu F.Paste F.Mask) (roundrect_rratio 0.25)
      (net 5 +3V3))
    (pad 2 smd roundrect (at 0.7875 0 180) (size 0.875 0.95) (layers F.Cu F.Paste F.Mask) (roundrect_rratio 0.25)
      (net 1 GND))
    (model ${KISYS3DMOD}/Capacitor_SMD.3dshapes/C_0603_1608Metric.wrl
      (at (xyz 0 0 0))
      (scale (xyz 1 1 1))
      (rotate (xyz 0 0 0))
    )
  )

  (module Capacitor_SMD:C_0603_1608Metric (layer F.Cu) (tedit 5B301BBE) (tstamp 5DFA8914)
    (at 23.0495 25.8535)
    (descr "Capacitor SMD 0603 (1608 Metric), square (rectangular) end terminal, IPC_7351 nominal, (Body size source: http://www.tortai-tech.com/upload/download/2011102023233369053.pdf), generated with kicad-footprint-generator")
    (tags capacitor)
    (path /5D6E2CB5)
    (attr smd)
    (fp_text reference C11 (at 0 -1.43) (layer F.SilkS) hide
      (effects (font (size 1 1) (thickness 0.15)))
    )
    (fp_text value 0.1uF (at 0 1.43) (layer F.Fab) hide
      (effects (font (size 1 1) (thickness 0.15)))
    )
    (fp_line (start -0.8 0.4) (end -0.8 -0.4) (layer F.Fab) (width 0.1))
    (fp_line (start -0.8 -0.4) (end 0.8 -0.4) (layer F.Fab) (width 0.1))
    (fp_line (start 0.8 -0.4) (end 0.8 0.4) (layer F.Fab) (width 0.1))
    (fp_line (start 0.8 0.4) (end -0.8 0.4) (layer F.Fab) (width 0.1))
    (fp_line (start -0.162779 -0.51) (end 0.162779 -0.51) (layer F.SilkS) (width 0.12))
    (fp_line (start -0.162779 0.51) (end 0.162779 0.51) (layer F.SilkS) (width 0.12))
    (fp_line (start -1.48 0.73) (end -1.48 -0.73) (layer F.CrtYd) (width 0.05))
    (fp_line (start -1.48 -0.73) (end 1.48 -0.73) (layer F.CrtYd) (width 0.05))
    (fp_line (start 1.48 -0.73) (end 1.48 0.73) (layer F.CrtYd) (width 0.05))
    (fp_line (start 1.48 0.73) (end -1.48 0.73) (layer F.CrtYd) (width 0.05))
    (fp_text user %R (at 0 0) (layer F.Fab)
      (effects (font (size 0.4 0.4) (thickness 0.06)))
    )
    (pad 1 smd roundrect (at -0.7875 0) (size 0.875 0.95) (layers F.Cu F.Paste F.Mask) (roundrect_rratio 0.25)
      (net 1 GND))
    (pad 2 smd roundrect (at 0.7875 0) (size 0.875 0.95) (layers F.Cu F.Paste F.Mask) (roundrect_rratio 0.25)
      (net 5 +3V3))
    (model ${KISYS3DMOD}/Capacitor_SMD.3dshapes/C_0603_1608Metric.wrl
      (at (xyz 0 0 0))
      (scale (xyz 1 1 1))
      (rotate (xyz 0 0 0))
    )
  )

  (module Capacitor_SMD:C_0603_1608Metric (layer F.Cu) (tedit 5B301BBE) (tstamp 5DD1DD84)
    (at 33.012 35.1 180)
    (descr "Capacitor SMD 0603 (1608 Metric), square (rectangular) end terminal, IPC_7351 nominal, (Body size source: http://www.tortai-tech.com/upload/download/2011102023233369053.pdf), generated with kicad-footprint-generator")
    (tags capacitor)
    (path /5D6E75E1)
    (attr smd)
    (fp_text reference C12 (at 0 -1.43) (layer F.SilkS) hide
      (effects (font (size 1 1) (thickness 0.15)))
    )
    (fp_text value 0.1uF (at 0 1.43) (layer F.Fab) hide
      (effects (font (size 1 1) (thickness 0.15)))
    )
    (fp_line (start -0.8 0.4) (end -0.8 -0.4) (layer F.Fab) (width 0.1))
    (fp_line (start -0.8 -0.4) (end 0.8 -0.4) (layer F.Fab) (width 0.1))
    (fp_line (start 0.8 -0.4) (end 0.8 0.4) (layer F.Fab) (width 0.1))
    (fp_line (start 0.8 0.4) (end -0.8 0.4) (layer F.Fab) (width 0.1))
    (fp_line (start -0.162779 -0.51) (end 0.162779 -0.51) (layer F.SilkS) (width 0.12))
    (fp_line (start -0.162779 0.51) (end 0.162779 0.51) (layer F.SilkS) (width 0.12))
    (fp_line (start -1.48 0.73) (end -1.48 -0.73) (layer F.CrtYd) (width 0.05))
    (fp_line (start -1.48 -0.73) (end 1.48 -0.73) (layer F.CrtYd) (width 0.05))
    (fp_line (start 1.48 -0.73) (end 1.48 0.73) (layer F.CrtYd) (width 0.05))
    (fp_line (start 1.48 0.73) (end -1.48 0.73) (layer F.CrtYd) (width 0.05))
    (fp_text user %R (at 0 0) (layer F.Fab)
